The best importance
B1: 129.6010672535498
B11: 115.8395607538979
B12: 98.5395969678406
B12_1: 118.93205487627222
B12_2: 112.79855941305811
B2: 111.41687317906288
B4: 104.62118709960683
B7: 101.30033335619302
B7_1: 132.66869631523622
B8: 103.08214203068187
LST: 82.50526072525084
LST_1: 90.71922340144931
LST_2: 85.54990664938165
LST_3: 89.58895500950182
MNDWI: 110.38976025986207
MNDWI_1: 121.30758894188536
MNDWI_2: 133.33081973331866
NDMI: 95.92328547534683
NDMI_1: 109.51461840607486
NDVI: 97.76517747519097
NDVI_1: 110.09714889405298
NDVI_2: 107.54169241962747
PMLI: 94.42802205883008
PMLI_1: 111.1892751319364
SAVI: 106.02835983945356
aspect: 87.93159333068698
elevation: 107.81482693067822
slope: 120.75740248209104